000000011100000000000000
000000155100000000000000
000001511100000000000000
000001515100000000000000
000011555100000000000000
000015551000000000000000
000015151000000000000000
001155551000000000000000
011155510000000000000000
011155510000000000000000
155655551000000000000000
255151515110000000000000
155555555511111000000000
015555555555155100000000
001115511111555510000000
000015155555555151000000
000151555555111155100000
000115555115555555100000
000155551555555155100000
000015551555515555101100
000001551555155555115510
000001551551551515111510
500015111555555551155110
600011101111111110011100