0 0 0 0 0 0 0 1 1 1 0 0 0 0 0 0 0 0 0 0 0 0 0 0
0 0 0 0 0 0 1 6 5 1 0 0 0 0 0 0 0 0 0 0 0 0 0 0
0 0 0 0 0 1 6 5 5 1 0 0 0 0 0 0 0 0 0 0 0 0 0 0
0 0 0 0 0 1 5 5 5 1 0 0 0 0 0 0 0 0 0 0 0 0 0 0
0 0 0 0 1 6 5 5 6 1 0 0 0 0 0 0 0 0 0 0 0 0 0 0
0 0 0 0 1 6 5 6 1 0 0 0 0 0 0 0 0 0 0 0 0 0 0 0
0 0 0 0 1 6 6 6 1 0 0 0 0 0 0 0 0 0 0 0 0 0 0 0
0 0 1 1 6 6 6 6 1 0 0 0 0 0 0 0 0 0 0 0 0 0 0 0
0 1 6 6 6 6 6 1 0 0 0 0 0 0 0 0 0 0 0 0 0 0 0 0
0 1 6 6 6 6 6 1 0 0 0 0 0 0 0 0 0 0 0 0 0 0 0 0
1 6 6 5 6 6 6 6 1 0 0 0 0 0 0 0 0 0 0 0 0 0 0 0
5 6 6 2 6 6 6 6 6 1 1 0 0 0 0 0 0 0 0 0 0 0 0 0
5 6 6 6 6 6 6 6 6 6 1 1 1 1 1 0 0 0 0 0 0 0 0 0
0 1 6 6 6 6 6 6 6 6 6 6 6 6 6 1 0 0 0 0 0 0 0 0
0 0 1 1 1 6 6 6 6 6 6 6 6 6 6 6 1 0 0 0 0 0 0 0
0 0 0 0 1 6 6 6 6 6 6 6 6 6 6 6 6 1 0 0 0 0 0 0
0 0 0 1 6 6 6 6 6 6 6 6 6 6 6 6 6 6 1 0 0 0 0 0
0 0 0 1 6 6 6 6 6 1 1 6 6 6 6 6 6 6 1 0 0 0 0 0
0 0 0 1 6 6 6 6 1 6 6 6 6 6 6 6 6 6 1 0 0 0 0 0
0 0 0 0 1 6 6 6 1 6 6 6 6 6 6 6 6 6 1 0 1 1 0 0
0 0 0 0 0 1 6 6 1 6 6 6 6 6 6 6 6 6 1 1 6 6 1 0
0 0 0 0 0 1 6 6 1 1 6 6 6 6 6 6 6 6 1 6 6 6 1 0
0 0 0 0 1 6 1 1 1 6 6 6 6 6 6 6 6 1 1 6 6 1 1 0
0 0 0 0 1 1 1 0 1 1 1 1 1 1 1 1 1 0 0 1 1 1 0 0